0 0.442199 0.619715 0.199477 0.759403
0 0.630406 0.618458 0.174109 0.754389
0 0.563441 0.365326 0.090930 0.260653
0 0.740367 0.374097 0.071188 0.210528
0 0.795348 0.671722 0.144508 0.647861
0 0.856320 0.229299 0.026781 0.101625
0 0.786887 0.249417 0.065555 0.181694
0 0.703008 0.256931 0.058500 0.146611
0 0.355148 0.427361 0.105734 0.307028
0 0.256461 0.339014 0.094453 0.240611
0 0.244477 0.654806 0.155078 0.669167
0 0.319199 0.262576 0.090227 0.315792
0 0.157777 0.523222 0.050758 0.491222
0 0.230379 0.130993 0.078945 0.182958
0 0.158129 0.128486 0.055680 0.132833
0 0.301574 0.069590 0.052164 0.085208
0 0.373473 0.112201 0.040883 0.095236
0 0.415766 0.188632 0.059203 0.105264
0 0.416117 0.096535 0.050047 0.081458
0 0.494359 0.179861 0.064141 0.132833
0 0.540883 0.126611 0.038766 0.121556
0 0.616660 0.184875 0.059211 0.112778
0 0.683977 0.147285 0.041594 0.095236
0 0.820727 0.150417 0.062734 0.109028
0 0.784777 0.050167 0.052867 0.086472
0 0.712172 0.073972 0.044406 0.111528
0 0.649434 0.082750 0.041586 0.081444
0 0.599391 0.063326 0.051453 0.105264
0 0.488016 0.078993 0.050047 0.081458
0 0.535598 0.035694 0.047930 0.060278
0 0.447488 0.085882 0.035242 0.107764
0 0.353738 0.048222 0.040883 0.082833
1 0.201480 0.460563 0.045117 0.082708
1 0.416824 0.372222 0.021852 0.096500
1 0.541234 0.340889 0.016922 0.056389
1 0.672344 0.387257 0.035250 0.081458
1 0.833410 0.481875 0.020445 0.055139
1 0.751645 0.385375 0.033133 0.055139
1 0.589168 0.220597 0.021148 0.043861
1 0.395324 0.232500 0.025383 0.065167
1 0.282895 0.183000 0.024664 0.066417
1 0.147910 0.144153 0.022555 0.051389
1 0.800633 0.238132 0.025375 0.048875
1 0.697367 0.152924 0.019031 0.043847
1 0.728383 0.086507 0.017625 0.056403
1 0.617012 0.075861 0.023258 0.067667
1 0.791473 0.060819 0.028195 0.057639
