0 0.926470 0.577036 0.071318 0.592721
0 0.824790 0.590199 0.076963 0.536343
0 0.760889 0.572652 0.063555 0.486205
0 0.695571 0.563882 0.081201 0.491231
0 0.769717 0.340225 0.045898 0.116499
0 0.612959 0.523154 0.076973 0.457400
0 0.534209 0.510624 0.062168 0.439861
0 0.486577 0.522522 0.041689 0.380953
0 0.442080 0.615884 0.074141 0.572669
0 0.395825 0.557617 0.076260 0.596482
0 0.316748 0.590199 0.059316 0.543865
0 0.268374 0.622782 0.079795 0.609029
0 0.204829 0.586430 0.062842 0.598995
0 0.145864 0.493076 0.081904 0.447366
0 0.078433 0.511872 0.068486 0.474939
1 0.396187 0.504359 0.030361 0.036343
1 0.602012 0.453605 0.014121 0.035078
1 0.724170 0.450468 0.016953 0.033830
