1 0.086905 0.347150 0.068504 0.184209
1 0.198852 0.338377 0.051797 0.116541
1 0.234357 0.510057 0.086047 0.201755
1 0.065184 0.753791 0.103592 0.265665
1 0.538451 0.678603 0.059316 0.162906
1 0.614892 0.877225 0.108606 0.241854
1 0.665017 0.651035 0.128656 0.278197
1 0.895176 0.340884 0.109441 0.176693
1 0.619904 0.238128 0.068504 0.126565
1 0.579804 0.200533 0.020050 0.058897
1 0.401442 0.274468 0.062657 0.073937
1 0.532603 0.404167 0.062657 0.117794
1 0.492085 0.503165 0.061820 0.120299
1 0.352569 0.310183 0.045114 0.062658
0 0.099008 0.387250 0.198016 0.422305
0 0.148726 0.771335 0.227235 0.456138
0 0.415644 0.766322 0.303257 0.461154
0 0.567273 0.605295 0.113616 0.414789
0 0.463681 0.436748 0.083543 0.208021
0 0.377214 0.467451 0.114453 0.259399
0 0.285735 0.464944 0.075189 0.211779
0 0.224331 0.410434 0.067669 0.152882
0 0.526755 0.335872 0.069339 0.114036
0 0.664182 0.298277 0.155390 0.166667
0 0.771951 0.281987 0.130326 0.342105
0 0.901860 0.312062 0.194653 0.530075
0 0.823319 0.693640 0.353362 0.606517
